1
14
11 31 22 3 36 20 10 23 6 5 22 22 19 29
9 7 13 9 31 15 7 1 13 33 11 24 7 36
21 22 6 19 23 4 6 21 14 36 9 4 30 21
17 2 30 13 26 36 2 13 32 27 36 5 28 16
8 20 12 16 31 10 32 15 19 24 34 20 1 16
17 18 22 3 10 2 30 26 27 29 10 16 24 12
25 32 31 20 10 29 19 11 32 23 28 20 33 24
9 13 19 4 6 27 24 5 16 2 8 34 2 7
21 5 5 26 2 35 7 36 21 22 23 33 2 6
16 21 15 21 12 11 13 28 3 3 14 23 16 4
1 31 35 33 23 29 12 18 24 25 19 33 17 13
29 6 30 19 33 14 35 14 6 23 27 16 12 24
26 31 30 10 16 21 7 4 16 25 31 19 21 8
12 5 2 4 4 27 29 2 18 20 19 26 32 31
